b 0 403 70 436 88 97 85 415 417 537 360 329 330 36 311 309 40 201 202 184 182 267 38 295 315 292 167 173 19 142
c 417 391 538 459
c 97 232 395
c 40 258
c 403 397 400 402 410
c 97 114 11 96 101
c 38 39
c 315 297
c 36 248
c 97 112
c 97 92
c 329 346
c 184 27 196 515
c 436 447 418 405 408
c 436 440 445 446 428
c 38 252
c 88 82 83 86 479
c 88 79 78 13
c 436 439 477 480 444
c 145 134 131 133
c 201 246 249
c 145 496 125
c 267 291 296
c 88 471 473 478 472
c 36 244
c 142 124 17 153 155
c 167 174
c 292 290 275 263
c 70 378 60 59 61
c 36 250 245
c 88 80 475
c 88 81 476 481
c 145 146 18 148 147
c 145 141 135 136 138
c 417 416 370 371
c 85 69 421
c 142 109 130 126 156
c 309 298
c 309 307
c 309 534
c 85 433 64
c 415 399
c 436 68 72 438
c 295 262 273 294
c 167 21
c 167 171 280 270
c 292 279
c 292 264 276
c 0 341 456 540 247
c 403 407 381 380 375
c 537 54 56
c 436 419
c 85 414
c 311 310
c 309 44 306 334
c 360 51 357 358 364
c 360 345 348
c 97 113
c 167 22
c 173 164 177
c 173 166
c 145 149 175 500 181
c 36 37
c 537 335 339 372 369
c 537 338
c 537 336
c 70 55 401
c 70 57 58 376 377
c 360 351
c 360 361
c 70 66 437 425
c 70 422 431
c 70 373 384 379
c 85 464 460 461 76
c 85 84 474
c 537 65
c 403 398
c 403 67 374
c 417 365 463
c 145 151
c 145 143
c 145 150
c 436 441 432 434 424
c 309 333 340
c 537 342 343
c 0 337 535 536
c 415 411 406
c 85 462 482
c 85 467 483
c 417 413
c 417 409
c 70 382 383
c 70 412 426
c 70 430
c 415 404 420
c 436 423 427 429 443
c 436 435 442
b 1 14 118 210 214 216 185 188 197 26 199 198 189 492 525 530 493 504 506 520 144 129 205
c 205 208
c 210 213
c 1 77
c 26 191
c 26 200
c 525 508
c 205 206
b 2 145 29 494 527 526 509 491 488 512 497 489 510 490 513 501 176 158 172 160 514 194 487
c 160 157
c 194 516
c 145 128
c 172 162
c 513 503
c 194 193
c 489 486
b 3 518 517 284 281 283 282 187 192 268 265 289 286 293 285 288 42 318 266 261 255 256 257 251 195
c 282 43
c 318 327
c 42 320
c 266 41
c 283 277
b 4 243 254 253 260 312 308 313 47 328 316 325 323 45 317 324 326 332 48 363 349 344
c 325 322
c 344 301
c 328 50 49
c 363 53
c 253 259
c 332 331
c 326 319
b 5 304 300 303 302 305 354 352 355 353 46 314 321 269 271 287 274 24 278 178 25 207
c 287 272
c 354 52 350 347
c 353 359 362
c 303 299
c 352 356
b 6 179 163 159 169 170 498 511 485 502 499 522 528 532 524 529 519 186 531 495 521 533
c 521 523
c 163 168 180
c 511 507 165 161
c 169 23
c 498 505
b 7 190 203 183 222 211 215 234 225 226 238 237 241 392 469 465 74 15 102 103 75 368
c 211 30
c 75 87 484
c 234 228 227 33
c 211 31
c 222 209
b 8 111 12 121 120 95 93 104 107 106 91 235 231 240 470 466 468 236 105 99 115 98
c 104 90 116 122
c 231 35 230
c 104 94
c 105 117
c 115 119
b 9 71 366 110 108 100 32 218 217 28 212 221 450 448 449 386 34 62 389 453 451 388
c 451 452
c 28 204
c 450 220
c 32 223
c 100 123
c 32 219
c 100 16
c 108 89
b 10 233 242 385 393 539 367 63 457 394 541 73 454 542 458 387 396 239 224 154 132 127 137 20 139 140 152
c 239 229
c 387 390
c 541 455
